9854943
44052492
79405253
116672487
155547339
181328009
210268208
241742961
265682932
297134379
325630166
360093448
396814102
425345475
460138448
494429869
533178328
566790289
593415974
626085682
663683124
692264684
728502576
770445345
812081784
871214967
907121598
947861568
977542552
1015102347
1053606820
1092328648
1132301894
1174633717
1208287650
1249683578
1285529770
1310339378
1345394729
1383964193
1410607273
1441243609
1490730799
1520926880
1551023333
1597048603
1637510552
1659985045
1700053005
1728183578
1750630888
1779771579
1817166801
1855050237
1906798917
1939657885
1979343677
2029183327
2062213898
2109791258
2158797376
2208873711
2237682721
2274400609
2300194342
2327673116
2366542878
2393984418
2429391862
2460643586
2496223111
2533632220
2559731645
2592208869
2626274713
2667259412
2701488106
2733514967
2767466357
2816446407
2854512550
2888561730
2914824433
2940709038
2974880804
3014752562
3051183918
3083456913
3120394140
3153791331
3182059337
3218994585
3248641794
3277627858
3302761751
3346501895
3376602983
3416062673
3442993032
3460786214
3493226770
3525516667
3564084326
3592392167
3632615437
3667084817
3693846476
3727820616
3760624527
3811503333
3837599989
3874625800
3903418693
3937658819
3962795254
3997233362
4037848344
4084086276
4115184021
4162072713
4202972787
4248463052
4272561529
4316327159
4345470503
4376665664
4427889288
4469785165
4507858881
4539487452
4577591815
4621621602
4652276228
4689001579
4741048383
4783827996
4816237410
4848489053
4891490149
4936950085
4969427631
5005645038
5035356053
5083376249
5120131655
5153624250
5183861838
5216975138
5250384333
5286139730
5316600713
5349894479
5383443963
5429519871
5466700574
5501519682
5536281170
5564419163
5602392598
5633484301
5675504397
5714901741
5750649847
5784162158
5826445167
5862791989
5896357010
5931917026
5967470109
5993929937
6020533749
6059356474
6085474042
6131376297
6166803252
6198393032
6229402010
6267108767
6294432746
6331474865
6357265645
6386606619
6419235954
6451020327
6501397295
6528978237
6555869237
6591704388
6628933968
6668349625
6692136524
6726549832
6764888778
6812977489
6843387006
6881737793
6913879111
6939033857
6981164000
7016439453
7048346081
7087765618
7121311421
7168074287
7199277592
7237725547
7275423944
7302281344
7337320168
7373230940
7409280584
7444003729
7480905101
7519732745
7550354625
7577504877
7600861696
7628289949
7665239715
7690940148
7721099696
7755150760
7794174231
7836643410
7876105239
7904753564
7943704923
7981698043
8017150312
8050426643
8085770926
8112175700
8146273359
8171701416
8197417588
8223556824
8258943569
8292999549
8339718149
8367383307
8409908641
8445399797
8481430465
8517447676
8559600368
8595488039
8634429291
8660702443
8693668211
8731193779
8780549602
8820550082
8862433353
8911632801
8948355375
8973084382
9006528922
9037932277
9062146024
9162875714
9219538341
9257913871
9297815404
9379114897
9414309221
9446028431
9481775696
9547961982
9598586297
9641623782
9714052505
9781857051
9820101287
9883017823
9921738231
10067435620
10105997180
10142181371
10178723412
10218171163
10244004339
10292301248
10319733684
10366994910
10398191125
10446609540
10487611019
10526570197
10557476792
10586317489
10633131814
10682420575
10715966790
10749022101
10790042666
10835871875
10883538925
10916185845
10949261284
10995599492
11032944762
11066678310
11105740000
11137441671
11171554446
11200304127
11228897225
11274591610
11322915118
11360542254
11390475382
11423816998
11465006801
11492760452
11525991670
11564936035
11600021979
11652188552
11686139721
11718884232
11760011695
11797096677
11830552197
11865033941
11898395508
11943710911
11974749988
12006170248
12046261641
12080528741
12109273894
12144367414
12173882216
12202015117
12233737989
12269936713
12316168899
12347275380
12377633811
12407909843
12435512115
12481235186
12512162171
12540573554
12589502496
12625747381
12655395985
12698680150
12734294430
12769210201
12803708890
12832168424
12870824542
12910710543
12948626305
12977371073
13014009526
13061026615
13101412034
13134579823
13170697271
13210753631
13253555878
13285941477
13330063730
13358848984
13399185367
13427093100
13453176659
13478021733
13510839161
13543192049
13582620635
13620588691
13657922729
13688332866
13719168337
13757655365
13785641001
13822773189
13868482548
13909223342
13939424561
13970421648
14002109286
14042944597
14078858417
14106932709
14145795768
14175523685
14208678692
14240981181
14282586091
14309103133
14344980724
14379677916
14417316988
14442958352
14479149318
14501841101
14536667690
14573754872
14603193350
14641138214
14670966855
14701906753
14735153630
14780042151
14815692076
14853633356
14884432050
14920074955
14950968295
14979344691
15018068496
15056589677
15101893822
15148164163
15177706061
15214411705
15254502145
15281362259
15313888507
15338237323
15376888115
15406790796
15435361286
15468735560
15502015141
15535303952
15580901812
15605050914
15651661140
15675808432
15703959537
15741917900
15772425006
15806893795
15840252766
15887940300
15913336856
15942103778
15968954511
16002100677
16038158536
16068749354
16103627667
16135321033
16168792705
16201905393
16253587152
16278848406
16313900096
16345898563
16384308867
16410853317
16436658398
16469141459
16501994843
16542201884
16573296625
16622519873
16648220933
16683574613
16716408214
16745769195
16785131663
16813388426
16840876532
16871052489
16903728147
16939628590
16977602842
17020789734
17046959309
17078789485
17118359697
17154477410
17190304389
17230581830
17269164522
17305153258
17346477166
17373728692
17411884512
17460109994
17490590416
17520736239
17557010100
17592657876
17616363925
17647523493
17676299655
17709969591
17747726972
17785827323
17818881881
17846316954
17880448266
17912549316
17950939353
17991183164
18022910726
18051646863
18091755585
18127103952
18158020303
18185728987
18230331782
18265413980
18304034701
18331038072
18369126650
18402119264
18439969080
18475756513
18506902646
18539918219
18573386275
18623819092
18657844023
18693480244
18724815540
18758649599
18789067354
18821391310
18847862723
18884195387
18911187046
18947576785
18975700871
19011820860
19043343587
19073415240
19108472892
19141617066
19179092485
19208981130
19249500628
19288619104
19316664959
19344972799
19382924162
19409325157
19442717530
19482263229
19513577120
19543000281
19573326084
19608444386
19642149332
19673468860
19706621330
19741700631
19774531458
19815193965
19843862909
19873443771
19906708772
19939955859
19973282344
20008794435
20043958146
20074755073
20106682242
20139986818
20173331824
20217736755
20260485494
20307534746
20340836073
20374560403
20407681775
20445678672
20483352748
20519051062
20546146717
20584577036
20634747095
20670628484
20700217530
20725492161
20748863868
20787686774
20823466384
20853386933
20888818647
20916884421
20947052649
20987130804
21031356014
21066733280
21102935971
21129337892
21162764621
21191994485
21237722050
21273558532
21293712887
21332218112
21370360789
21405505759
21447254745
21480524509
21518608543
21556456517
21594892985
21616410836
21646024740
21681765888
21717137813
21755794063
21785629386
21812714077
21851260109
21884207499
21922366157
21951331984
21979516787
22015013292
22049078562
22083617665
22114944820
22148263567
22179275876
22222135222
22249737906
22287403992
22317780310
22349388078
22382025180
22417842033
22462157926
22511567060
22544704537
22584296834
22623800708
22664068257
22706275712
22742792063
22788545710
22821948674
22858936707
22894561168
22927079889
22955366790
22993793523
23029356866
23072615761
23107410436
23146371017
23181691157
23215656323
23251172755
23273995560
23302951846
23331282331
23370229301
23397864291
23443254786
23478677024
23516648282
23559067960
23594101971
23636630117
23682734483
23723346558
23755307521
23784139213
23817910319
23862395509
23900474307
23946319608
23995520009
24043526848
24082731860
24112590654
24150345582
24176944512
24222948946
24265144807
24289830010
24329722190
24355485487
24392927316
24413830817
24456824649
24477946688
24510161036
24547099388
24582423834
24630627149
24670029253
24701754252
24745398514
24798995178
24823612039
24850496742
24879508909
24912576793
24950423374
24986041621
25016146476
25057376672
25084722218
25113525021
25148197869
25184127844
25214062958
25257595073
25295684380
25320115868
25356337684
25381448859
25423957290
25451114676
25479737391
25515888899
25553993018
25581315259
25612066722
25645265097
25680935220
25729099669
25769351768
25818348551
25853741779
25891836012
25919221186
25954020380
26122200637
26166756267
26205403264
26235311225
26263985086
26290938028
26319840596
26402176642
26502587630
26535151453
26568473037
26785349142
26834195712
26868189388
26905193042
26943418129
26983280575
27021596261
27053506427
27086939353
27125410631
27163501852
27201098703
27235064606
27266104967
27302039232
27332082627
27366238886
27412004243
27436957803
27464979480
27498198743
27526960639
27555869311
27596667324
27626018072
27655549691
27686795740
27720518951
27769881071
27799468743
27824243593
27866191774
27908638115
27944251089
27974653108
28017363223
28057044658
28097276428
28127606231
28158005358
28200248174
28236629770
28269519346
28306213696
28337421315
28363668666
28390368185
28435386146
28465900841
28492911059
28524725975
28557096107
28600405298
28624770447
28672126895
28711231197
28742833369
28778981541
28822312730
28869693117
28913997288
28940701207
28983929448
29026301334
29053996829
29084821789
29126324322
29162732911
29204705532
29240165683
29273384701
29304868912
29338067889
29373093107
29406516699
29439387996
29481594934
29508648447
29549749061
29590358526
29628036248
29651947034
29700797143
29724143708
29759286722
29786808642
29818077728
29852743904
29897625208
29929842699
29953581301
29980978320
30018211182
30054624221
30104133740
30151937431
30198741653
30229940665
30263314300
30296969924
30341004715
30391325710
30425492061
30465155267
30498526394
30533845057
30558440399
30592267704
30624838614
30663263718
30691374705
30724740811
30770418115
30811068887
30840900967
30882986789
30928990170
30966945900
31012783247
31035904808
31063787222
31097845025
31134486628
31164295535
31195816744
31231164703
31267269249
31303368542
31354841840
31380238655
31409103515
31440809248
31470165018
31499452346
31538334994
31586854914
31613553779
31639348899
31673514227
31710133650
31754991191
31792397560
31812993044
31860901890
31893548048
31922381952
31948941579
31982069198
32015642925
32054773249
32097681330
32126082170
32159608488
32200034228
32229670445
32263413995
32301793641
32341018597
32378744733
32408909030
32443291060
32473392553
32496328685
32529867371
32570715509
32607592870
32643042578
32672650019
32704605034
32736646655
32769992913
32811276083
32840669893
32882828193
32922246360
32951501298
32990278593
33036481377
33083658656
33111035417
33136549950
33170062528
33203996331
33248088154
33283604762
33327782771
33366677483
33409045421
33443983379
33483925085
33509702879
33546486507
33583255486
33618715985
33661021752
33689632913
33721317066
33767987038
33807168696
33836515858
33873435750
33909139774
33944605616
33975864869
34009113971
34044730077
34088246148
34120512706
34156910272
34183879455
34223362683
34259174279
34294908337
34333644802
34369069418
34408851528
34441725163
34477688351
34514867360
34544823399
34577933973
34618157103
34655626576
34693150288
34719463901
34764012739
34792872629
34834270952
34867582501
34914656231
34948882315
34983125986
35014093342
35054362241
35101304284
35133167845
35163742399
35203084558
35229053510
35280680778
35314805437
35355370201
35383983381
35420753380
35455392947
35497263713
35536034443
35574022887
35603701641
35633935810
35659872973
35700420513
35747158235
35786309897
35817090823
35850655266
35883795839
35932294676
35973043472
35999114535
36036529605
36084962838
36123682207
36157074425
36190421281
36225527499
36257428967
36291724358
36331086086
36362896119
36396538005
36423662357
36456951562
36490961164
36523728433
36561413929
36597027125
36629516677
36661100400
36691018677
36725144679
36758123177
36796398105
36826479480
36861388944
36910172156
36954098622
37000602764
37034905280
37069732966
37103021393
37138380625
37185325722
37224046876
37251499498
37289164147
37311056808
37340457583
37369579404
37415328246
37448262754
37490215312
37521487937
37550724965
37582167946
37618376747
37644212586
37678072640
37705996771
37755552914
37783278532
37813245546
37860857054
37898002802
37923560385
37951656995
37994507371
38030024897
38071199677
38103066458
38139489700
38175899013
38226305861
38251443913
38288331250
38322846286
38362813996
38400140259
38431078072
38459919797
38499031997
38534786294
38570212578
38612609676
38647511476
38685246522
38712920861
38751638800
38780742753
38812671021
38859668070
38898154101
38930629042
38971692465
39007356440
39046805427
39092449073
39118939459
39147081352
39180096163
39214660924
39247892371
39280407057
39326160687
39364503643
39395292200
39440514634
39478899772
39515933176
39564913277
39604142941
39631166739
39668649919
39699799445
39721675764
39766045847
39794285232
39840470034
39886918265
39926571540
39978788604
40007570636
40042950283
40070914506
40105544329
40143912797
40176414868
40209217766
40245335802
40283164568
40304962020
40340770859
40361629044
40402335828
40447383324
40474358086
40516561170
40547443844
40579668338
40619525502
40640647873
40669881506
40702849131
40738970579
40770160135
40798950761
40837164482
40880570572
40908950790
40945438592
40972172549
41009483503
41033051757
41060405012
41086697491
41121723383
41169272807
41195223952
41231868056
41269074225
41306534682
41341744741
41382858143
41424702118
41472280419
41521289510
41548480693
41576203415
41602336504
41627892524
41665741373
41698978195
41735102121
41764834446
41792833511
41824666982
41858154790
41896236114
41927205730
41958789429
41999246155
42038678243
42077200033
42103594078
42139873494
42186857486
42221958276
42262312073
42294615068
42328224720
42366913206
42412830601
42463310317
42498017486
42535735456
42580833296
42634553082
42672464797
42701788366
42735867845
42772737863
42804222055
42834514474
42867743580
42906067924
42941891841
42988461445
43021949107
43052890146
43088523390
43131285315
43163158974
43192896512
43219270618
43252069569
43297690651
43379931835
43488175201
43578179349
43623393591
43664369811
43731286529
43764701965
43811635469
43852895522
43894055308
43922760726
44019291776
44070314775
44112624884
44200875744
44236099420
44274661238
44320283926
44352131289
44389683437
44422804822
44466381545
44503130343
44536445912
44569845606
44603176025
44636870990
44669703014
44707604230
44739114837
44770210413
44811764352
44850759971
44885046063
44909700984
44938596093
44972375332
45008188038
45044189916
45072404881
45103115708
45149554738
45187731408
45230441716
45264432971
45289751649
45319305792
45356355630
45380078252
45413122449
45444699332
45481276810
45514390037
45543826524
45582038536
45604545986
45642968883
45670014353
45703306841
45743831546
45770791639
45809907129
45848142337
45887421640
45916145480
45951157915
45982404124
46020289023
46054329271
46077461947
46109384884
46139869499
46175934716
46203211058
46240829818
46284315356
46319711249
46344549293
46369789806
46403329322
46436422355
46476472098
46503046868
46538051163
46577244204
46609301431
46640352718
46669890306
46703210605
46749066689
46782390370
46818566225
46847047577
46877926100
46912106511
46942394930
46972637257
47006821377
47036730497
47082311381
47110637470
47148080981
47179085798
47210762949
47243056754
47278931058
47319385458
47349632333
47378343115
47413629662
47454094113
47483509288
47516416188
47543746660
47575189414
47609261284
47640294122
47670086386
47708539703
47736575804
47783313543
47820141608
47845354419
47885372861
47935270121
47973102713
48009916238
48045517435
48085064503
48113732014
48139830123
48179339190
48206627144
48239810615
48279452677
48306626830
48340902892
48384181134
48411784175
48440116641
48487635352
48518961938
48547788330
48581344101
48615562565
48653121780
48688515385
48709388186
48749843497
48790023839
48825684973
48853332670
48887164440
48928489569
48973064200
49019113438
49058984608
49089119985
49121076784
49162776512
49198411681
49226870818
49267477540
49306374846
49331502789
49362660937
49389537815
49423900846
49452350559
49497685583
49535575004
49563126319
49597791997
49629937668
49669470143
49701320273
49731765409
49761961697
49807614757
49849586722
49887923700
49932979929
49980737385
50028352186
50066143240
50101700500
50128369113
50164767700
50195132461
50227041419
50260304656
50293670755
50327074925
50361116635
50410546392
50448203143
50482886257
50509390777
50547347032
50576029368
50614359808
50643089067
50676173750
50717523972
50766943539
50800622279
50842378226
50872310865
50906469613
50953275711
50987776873
51012635252
51040595252
51073171954
51103379790
51132567642
51175392193
51216973114
51249306989
51270008544
51303522775
51347576317
51379371516
51423653505
51463130096
51500815396
51540561397
51572524009
51607879791
51635746130
51668621187
51700893800
51734200537
51769342892
51804553729
51840390616
51872016092
51907231138
51943099147
51973019432
52000905000
52034889250
52070779322
52100916577
52136121532
52168345746
52207440296
52235751924
52280990817
52310263069
52339414306
52367629322
52401296063
52439187082
52467831569
52504025664
52534238789
52567670241
52600819620
52649732700
52685638956
52714609003
52739665065
52771461903
52816349123
52843215642
52884893782
52911788622
52948202005
52986965718
53013310143
53049742063
53077835075
53104087789
53138497493
53177379825
53212859883
53250765689
53272825405
53317793749
53355164549
53381136882
53421479141
53456838933
53501370474
53538346074
53585041633
53623717957
53653689611
53688191511
53715664225
53768249412
53789186431
53825334575
53863797250
53891369398
53931746410
53960102454
53998146857
54035449866
54067528155
54105674066
54139045667
54172408024
54215119066
54260685225
54286704652
54330946133
54366652086
54391274030
54421079102
54448637760
54478316762
54507528749
54539010115
54574848512
54605681774
54639112256
54688894711
54725375412
54761894972
54801440373
54827101861
54866512001
54899318952
54937933446
54979153523
55013323425
55050675291
55092988565
55129049538
55168372845
55204286409
55237944458
55275921901
55305986468
55331194900
55356044938
55394733500
55432936500
55466813915
55505173130
55544437514
55572156530
55599929876
55637769806
55672451913
55700135554
55734159574
55771029797
55806129768
55835400340
55867087679
55901028659
55925439447
55950422761
55984453253
56020609153
56058467561
56085908664
56119600880
56155335588
56192759655
56230733936
56268902757
56294409448
56337157669
56365052161
56404672014
56435426200
56462180000
56505880505
56530952569
56551155931
56589839452
56614317660
56645348810
56681926543
56717195414
56751562589
56785695987
56828500285
56860617162
56886105148
56912034934
56952431784
56980480183
57019043087
57045348896
57079085566
57112098216
57145417917
57194962919
57233570273
57269948745
57305349712
57335108370
57373026247
57394308526
57423651036
57460395353
57485184350
57522678657
57551739914
57578741997
57613959872
57645361707
57683568573
57716484697
57748900218
57784827917
57822109548
57859479868
57891266753
57918799929
57945452106
57985624875
58011963645
58045408961
58081435392
58117406158
58154851996
58191105184
58226240813
58272600262
58318528812
58353239476
58385186782
58421781387
58460656839
58493187588
58530269894
58575941081
58611399572
58639375018
58668678758
58704154400
58743656495
58769627476
58804935878
58834468104
58859026949
58886225665
58922337854
58960975911
58998563908
59028332488
59056327136
59086963431
59118766652
59151903109
59185240462
59218687784
59254191491
59286287209
59321712966
59363553324
59393091305
59430054495
59459215842
59503642868
59529244105
59568429465
59617376255
59654873471
59687807661
59729942072
59758776064
59808730894
59830845468
59867618801
59915237536
59954564169
60004894769
60043070029
60073475991
60112114862
60142261049
60168907643
60196661332
60232794675
60258732018
60287866714
60322333721
60361132623
60400375565
60434213257
60461395892
60492013964
60533720573
60556872394
60587879758
60621434040
60654576098
60688231166
60721346528
60754544928
60790466094
60821268894
60856592734
60889436589
60923471191
60955855511
60993852168
61021166436
61069628460
61107975074
61134379401
61178022221
61205804059
61242186704
61287856376
61335170390
61383737398
61422220430
61445421907
61530547846
61568740751
61605200641
61737933795
61791461868
62017640497
62113800529
62148521411
62181629626
62214859620
62247353411
62367380367
62401573434
62481944570
62527852652
62563633753
62590573647
62628440101
62654951680
62698582747
62736553922
62765782946
62798130380
62826490220
62865393988
62890331303
62926996339
62961924261
63002408054
63037185175
63076791172
63113457294
63149328159
63187665600
63216955104
63267468632
63300063627
63327027528
63354184715
63384298560
63418701075
63459700917
63497773062
63530129937
63579058023
63616560314
63665494263
63701997616
63730856690
63763347845
63795251627
63834342971
63866153002
63893632985
63942276064
63980894077
64009239733
64041600005
64078710509
64126433202
64159404424
64192631744
64237634338
64279208853
64309117061
64338749957
64374691293
64421507109
64470103743
64508856515
64547173044
64574065555
64603792968
64643318775
64672016925
64710087425
64755328000
64799946657
64834668511
64866598464
64899440340
64945537417
64978939557
65016674128
65054588957
65081820717
65112248875
65145532766
65182156166
65218156727
65245530748
65287352142
65320167933
65363559632
65395282783
65423166143
65460053173
65488044985
65527260387
65569565016
65608765327
65645224422
65670051315
65709029014
65756823783
65802322368
65837606598
65885790995
65914760942
65940150836
65968083581
66011477189
66047055665
66077371514
66099025916
66137401100
66186161812
66218379606
66247981103
66288292609
66328750738
66364424127
66403880453
66428885540
66468475169
66495724496
66530516046
66562971591
66600099076
66630242700
66682366940
66719314580
66756627869
66795808703
66844485628
66881848491
66906749742
66943265940
66980704510
67021814712
67058421698
67089630950
67126839594
67150422142
67189686680
67222483709
67260819729
67296599207
67337743260
67366372303
67397343531
67429799954
67466805499
67503049178
67535062052
67563645271
67596590553
67629723770
67672837864
67719256105
67756719142
67802682841
67840106753
67877562465
67908622111
67939640599
67971252309
68014677466
68045915383
68071040944
68104099281
68136157153
68176374529
68202789834
68240751929
68284802871
68307038923
68343537558
68387952420
68413157289
68444514904
68477940034
68502834391
68535944051
68574060175
68611672941
68655962363
68689268602
68729372816
68766293936
68786637147
68823268456
68864228656
68890632564
68928659118
68976031354
69008766135
69050556397
69084874206
69123333513
69162570762
69205454752
69243159633
69276674338
69309398099
69342552839
69380862097
69431572847
69461578652
69497791694
69533547413
69569632773
69602625428
69641483480
69679306549
69712649455
69749794401
69779741453
69822837429
69850800796
69897685219
69935524252
69976499839
70004167371
70040246890
70080966568
70119561883
70154799731
70181030317
70222280384
70247727291
70280894266
70314403089
70347778816
70381110749
70426750339
70456735868
70494692900
70515216334
70547611843
70586646153
70616568767
70652158537
70680926750
70716857266
70759729902
70808337335
70847465530
70881152881
70914475478
70953621130
70993206911
71035112923
71058995252
71098530354
71124196942
71168090776
71211198682
71249444377
71286162279
71315888905
71362580485
71390048854
71426554552
71463564841
71505098568
71540970500
71568545841
71592937191
71622779042
71671048593
71709945139
71740026799
71769797002
71795906979
71826877885
71862412456
71897890903
71920187830
71955417423
71992205395
72025568021
72054814486
72091218048
72132860283
72173243096
72196344418
72234708628
72263768919
72300125606
72331732137
72358369156
72395939807
72423520705
72459966232
72488783318
72529943618
72555051283
72593539077
72624428600
72672897478
72704128639
72738526539
72767701358
72806059307
72833632903
72873632322
72901737338
72932567522
72965378053
73003766553
73031019664
73058376231
73085972413
73129397104
73167724677
73198691207
73237098021
73262592128
73311999342
73342693610
73369103557
73405267662
73440756961
73463900154
73491601246
73518429185
73549420982
73585179970
73615985493
73653107232
73688475091
73717194108
73755578956
73792909573
73819389976
73856250104
73894244438
73942229383
73971535416
73999701012
74026857553
74054056578
74091587725
74129732686
74158587136
74188304388
74216360136
74249296652
74286877690
74321122288
74354108346
74405312187
74450669635
74483917421
74525046376
74561399528
74591059643
74626355525
74666308797
74715941860
74753874483
74787157202
74820481569
74853840471
74891707901
74926907994
74965570407
75011907201
75057527647
75090805940
75126109493
75166299019
75191821987
75229897402
75258260477
75297736831
75344258667
75375336319
75400307188
75435807654
75471954606
75498210393
75531689272
75567156439
75595327598
75624175121
75660508855
75691118591
75729181530
75766901138
75799856070
75824651001
75857516383
75890892687
75928200680
75957499275
75996256249
76025351791
76059230678
76100443170
76137841752
76161404060
76201742557
76227521619
76257546495
76297092928
76329718021
76357802776
76406215235
76441797042
76474367516
76495389024
76534705904
76562902739
76590896326
76624175526
76667084484
76705605163
76741515607
76776853426
76808291669
76834095595
76870499551
76898767852
76931643032
76978759532
77014044768
77049102129
77086730832
77136636399
77182249458
77229075699
77257635849
77303781180
77336479413
77366956741
77403190541
77433607136
77466940703
77500245641
77534256947
77573113670
77602908137
77639559607
77671499567
77700320189
77747619346
77793507631
77839926574
77874045748
77914400416
77941307257
77978996383
78015458593
78051168311
78080849664
78106710718
78141344966
78177687391
78208058395
78248410772
78277628908
78477215847
78527430693
78593602655
78643793307
78695129481
78728951575
78779319719
78835727242
78877365397
78907956943
78934236282
78970864205
79002618891
79095214199
79142501859
79179556623
79219501838
79249327855
79340959364
79389244998
79427666133
79461960862
79500842355
79547589774
79581021107
79616096503
79662215590
79690299674
79729589709
79755038940
79803508138
79828914506
79868077884
79904618698
79943354397
79974895730
80004459863
80034722163
80071874244
80106230940
80142509729
80175707572
80202684660
80253747957
80289091777
80327545332
80358892319
80398154140
80429455616
80466661117
80509525381
80542451454
80569519933
80611361493
80650217920
80673622408
80700256156
80734265679
80773188227
80799154966
80827819893
80855708056
80886120236
80925785698
80952678330
80998819391
81045079259
81092438509
81131422260
81167624547
81195789262
81228815564
81264587772
81291042889
81324368175
81357732351
81394790229
81438970773
81476106513
81513072955
81541378337
81566487119
81598328969
81636933803
81688934652
81713157155
81752915404
81783778281
81820018741
81842951575
81875761756
81913213352
81939878586
81968746390
82008755995
82047981553
82087292004
82126981368
82162581924
82193877887
82234000131
82266040363
82318113608
82355281830
82383804859
82428611006
82464022839
82505105431
82546962256
82590460947
82626685774
82665245158
82697784320
82731324353
82764519676
82801738013
82838808908
82875038053
82907791490
82948356967
82992660606
83040298975
83088064733
83116856854
83152708389
83193218438
83234184622
83274798968
83312409159
83349237196
83376497830
83414497241
83450417284
83491168307
83518373353
83552017142
83601861867
83637526574
83673470097
83711650368
83748735544
83786598595
83814738038
83847749657
83895008341
83942116476
83975900050
83999977162
84029264180
84051898150
84092204809
84141084641
84179691858
84212998987
84258316792
84296028210
84335195852
84367514415
84393632630
84431907006
84464504762
84501792766
84539795104
84564662261
84594240782
84630848507
84655948531
84680077190
84723728232
84752277097
